1697183069392763 -0.1580229550600052 -9.854886054992676 0.028731446713209152 0.0021305938716977835 0.0021305938716977835 -0.0021305938716977835
1697183069412676 -0.16520582139492035 -9.862069129943848 0.05028003081679344 0.003195890923961997 0.0010652969358488917 -0.0021305938716977835
1697183069432503 -0.16520582139492035 -9.854886054992676 0.06464575231075287 0.0010652969358488917 0.0010652969358488917 -0.0021305938716977835
1697183069551744 -0.16520582139492035 -9.854886054992676 0.028731446713209152 0.0010652969358488917 0.0010652969358488917 -0.0010652969358488917
1697183069571577 -0.1580229550600052 -9.854886054992676 0.06464575231075287 0.0010652969358488917 0.0010652969358488917 0.0
1697183069730530 -0.17238867282867432 -9.862069129943848 0.04309716820716858 0.0 0.0010652969358488917 -0.0021305938716977835
1697183069929215 -0.17957153916358948 -9.862069129943848 0.04309716820716858 0.0010652969358488917 0.003195890923961997 -0.0010652969358488917
1697183070048409 -0.15084008872509003 -9.883617401123047 0.06464575231075287 0.0010652969358488917 0.0021305938716977835 -0.0021305938716977835
1697183070068295 -0.16520582139492035 -9.86925220489502 0.05028003081679344 0.0010652969358488917 0.0021305938716977835 -0.0021305938716977835
1697183070445758 -0.16520582139492035 -9.86925220489502 0.035914309322834015 0.0021305938716977835 0.0010652969358488917 -0.0010652969358488917
1697183070465622 -0.1580229550600052 -9.862069129943848 0.035914309322834015 0.0021305938716977835 0.0021305938716977835 -0.0021305938716977835
1697183070664327 -0.17957153916358948 -9.854886054992676 0.04309716820716858 0.0010652969358488917 0.0010652969358488917 -0.0010652969358488917
1697183070823223 -0.17238867282867432 -9.847702980041504 0.035914309322834015 0.0010652969358488917 0.0010652969358488917 0.0
1697183070843106 -0.16520582139492035 -9.876435279846191 0.05028003081679344 0.0010652969358488917 0.0021305938716977835 0.0
1697183070982152 -0.1580229550600052 -9.847702980041504 0.05028003081679344 0.0010652969358488917 0.0010652969358488917 -0.0021305938716977835
1697183071002031 -0.1580229550600052 -9.854886054992676 0.035914309322834015 0.0010652969358488917 0.0021305938716977835 -0.0010652969358488917
1697183071419207 -0.17957153916358948 -9.840520858764648 0.035914309322834015 0.0 0.0 -0.0010652969358488917
1697183071439080 -0.15084008872509003 -9.862069129943848 0.028731446713209152 0.0010652969358488917 0.0 -0.0021305938716977835
1697183071598018 -0.15084008872509003 -9.86925220489502 0.057462893426418304 0.0010652969358488917 0.0021305938716977835 0.0
1697183071717216 -0.1580229550600052 -9.86925220489502 0.04309716820716858 0.0 0.0010652969358488917 -0.0021305938716977835
1697183071737146 -0.15084008872509003 -9.854886054992676 0.035914309322834015 0.0010652969358488917 0.0021305938716977835 -0.0010652969358488917
1697183071896042 -0.15084008872509003 -9.847702980041504 0.04309716820716858 0.0021305938716977835 0.0021305938716977835 -0.0021305938716977835
1697183072114563 -0.17957153916358948 -9.854886054992676 0.04309716820716858 0.0010652969358488917 0.003195890923961997 -0.0021305938716977835
1697183072134465 -0.18675440549850464 -9.862069129943848 0.04309716820716858 0.0 0.003195890923961997 -0.0021305938716977835
1697183072293371 -0.16520582139492035 -9.854886054992676 0.04309716820716858 0.0010652969358488917 0.0021305938716977835 -0.0021305938716977835
1697183072313241 -0.16520582139492035 -9.86925220489502 0.02154858410358429 0.0010652969358488917 0.0010652969358488917 -0.0021305938716977835
1697183072432457 -0.16520582139492035 -9.862069129943848 0.04309716820716858 0.0010652969358488917 0.0010652969358488917 -0.003195890923961997
1697183072591391 -0.1580229550600052 -9.854886054992676 0.035914309322834015 -0.0010652969358488917 0.003195890923961997 -0.0021305938716977835
1697183072611270 -0.16520582139492035 -9.876435279846191 0.035914309322834015 0.0 0.0021305938716977835 -0.0021305938716977835
1697183072790060 -0.1580229550600052 -9.86925220489502 0.057462893426418304 0.0010652969358488917 0.003195890923961997 0.0
1697183072809939 -0.16520582139492035 -9.86925220489502 0.06464575231075287 0.0010652969358488917 0.0021305938716977835 -0.0021305938716977835
1697183072929164 -0.15084008872509003 -9.840520858764648 0.07182861864566803 0.0010652969358488917 0.0021305938716977835 -0.003195890923961997
1697183073088083 -0.17957153916358948 -9.86925220489502 0.028731446713209152 0.0 0.0010652969358488917 -0.003195890923961997
1697183073107944 -0.14365723729133606 -9.862069129943848 0.04309716820716858 0.0010652969358488917 0.0010652969358488917 -0.0021305938716977835
1697183073286756 -0.1580229550600052 -9.854886054992676 0.035914309322834015 0.0 0.0021305938716977835 -0.0021305938716977835
1697183073306616 -0.1580229550600052 -9.862069129943848 0.035914309322834015 0.0 0.0021305938716977835 -0.0010652969358488917
1697183073465542 -0.18675440549850464 -9.862069129943848 0.035914309322834015 0.0010652969358488917 0.0021305938716977835 -0.0021305938716977835
1697183073624520 -0.4309717118740082 -10.027275085449219 -0.3878745436668396 -0.042611878365278244 0.0021305938716977835 0.006391781847923994
1697183073644366 -1.0558806657791138 -10.03445816040039 0.06464575231075287 -0.003195890923961997 -0.021305939182639122 0.014914157800376415
1697183073862911 -0.33759450912475586 -10.932315826416016 -0.007182861678302288 0.18003518879413605 0.004261187743395567 0.12783563137054443
1697183073982097 -0.45970314741134644 -10.630635261535645 0.3088630437850952 0.11931326240301132 -0.05113425478339195 -0.06924430280923843
1697183074001981 0.3519602119922638 -12.024110794067383 2.801316022872925 0.060721926391124725 -0.07989726960659027 -0.0788319781422615
1697183074160916 -0.7685661911964417 -11.018509864807129 -0.4309717118740082 -0.6050886511802673 -0.15553335845470428 0.037285394966602325
1697183074299986 0.17957153916358948 -10.522891998291016 -0.7901147603988647 -0.4058781564235687 -0.13529270887374878 0.11611736565828323
1697183074458924 -0.8906748294830322 -9.165331840515137 -0.6464575529098511 -0.521995484828949 -0.21518999338150024 0.0905502438545227
1697183074478793 -0.3735088109970093 -9.352086067199707 -0.8403947949409485 -0.5177343487739563 -0.2631283402442932 0.07670138031244278
1697183074617856 -1.3503780364990234 -9.27307415008545 -2.126127004623413 -0.22158177196979523 0.12144385278224945 -0.12144385278224945
1697183074637751 -1.2210865020751953 -9.431097030639648 -2.2841501235961914 -0.15127216279506683 0.157663956284523 -0.1960146427154541
1697183074756923 0.6751890182495117 -8.375216484069824 -1.3216465711593628 0.07350549101829529 0.2162552773952484 -0.26525893807411194
1697183074776791 0.8547605276107788 -8.346485137939453 -1.4724866151809692 0.0788319781422615 0.1725781112909317 -0.21518999338150024
1697183074896002 0.3304116427898407 -9.165331840515137 -3.067081928253174 0.09161553531885147 -0.08735435456037521 0.03195890784263611
1697183075094707 -0.3878745436668396 -8.597885131835938 -1.4006580114364624 0.2077329009771347 -0.14168450236320496 0.10866028815507889
1697183075114540 -0.581811785697937 -8.597885131835938 -1.2857322692871094 0.16299043595790863 -0.12037855386734009 0.10439909994602203
1697183075213887 -0.3663259446620941 -8.698445320129395 -2.0040183067321777 -0.017044750973582268 0.008522375486791134 -0.04048128426074982
1697183075233754 -0.7542004585266113 -8.727176666259766 -2.2410528659820557 -0.04474247246980667 0.10439909994602203 -0.0703096017241478
1697183075392726 1.0199663639068604 -10.443881034851074 -2.2123212814331055 0.19494934380054474 0.0788319781422615 0.24927948415279388
1697183075412564 1.1923550367355347 -10.609086990356445 -1.8388125896453857 0.23330003023147583 0.07137489318847656 0.3014790415763855
1697183075631108 -1.3575608730316162 -10.099103927612305 -0.8763090968132019 -0.09268083423376083 0.16618633270263672 0.7520996332168579
1697183075790054 -2.334429979324341 -8.90674877166748 -0.8188462257385254 -0.0010652969358488917 0.03622009605169296 0.9246777892112732
1697183075809925 -2.6432931423187256 -8.870834350585938 -1.0630635023117065 -0.02024064213037491 -0.022371236234903336 0.9459837079048157
1697183075929144 -4.446191310882568 -8.504508018493652 -0.9337720274925232 0.05219954997301102 -0.082027867436409 0.9268083572387695
1697183076088078 -5.12138032913208 -8.166913986206055 -0.9337720274925232 0.037285394966602325 0.008522375486791134 0.7648832201957703
1697183076107925 -5.423060417175293 -8.116633415222168 -1.113343596458435 0.02982831560075283 0.017044750973582268 0.7520996332168579
1697183076286752 -5.775020599365234 -7.204410076141357 -1.3288294076919556 -0.01811004802584648 0.004261187743395567 0.7659485340118408
1697183076306644 -6.285004138946533 -7.204410076141357 -1.0271492004394531 0.008522375486791134 0.015979453921318054 0.7808626890182495
1697183076425826 -7.901147842407227 -6.565135478973389 -1.09897780418396 0.0703096017241478 0.07670138031244278 0.7020307183265686
1697183076445701 -7.958610534667969 -6.3711981773376465 -0.8906748294830322 0.07989726960659027 0.0788319781422615 0.6572882533073425
1697183076584767 -9.380817413330078 -6.026421070098877 -0.9050405621528625 -0.0905502438545227 -0.014914157800376415 0.06817900389432907
1697183076604660 -9.000125885009766 -6.026421070098877 -0.739834725856781 -0.11611736565828323 -0.019175345078110695 -0.07244019210338593
1697183076823198 -6.32810115814209 -7.139764308929443 -2.0471155643463135 -0.22051647305488586 -0.10439909994602203 -1.0780805349349976
1697183076843064 -6.083883762359619 -7.362433433532715 -2.3200643062591553 -0.1842963695526123 -0.12677033245563507 -1.0972559452056885
1697183076982130 -4.891528606414795 -8.059170722961426 -1.3072807788848877 0.16618633270263672 -0.18855756521224976 -1.123888373374939
1697183077002021 -4.740688800811768 -8.245924949645996 -1.3288294076919556 0.18216578662395477 -0.16618633270263672 -1.1569125652313232
1697183077160965 -2.758218765258789 -9.179697036743164 -0.2514001727104187 0.17683929204940796 -0.02982831560075283 -1.2240262031555176
1697183077359632 -0.14365723729133606 -9.553206443786621 -0.32322877645492554 0.03835069015622139 0.021305939182639122 -1.3007276058197021
1697183077379488 0.05028003081679344 -9.423914909362793 -0.22266870737075806 0.02663242444396019 0.017044750973582268 -1.2900747060775757
1697183077518621 1.7095210552215576 -9.653765678405762 -0.8978577256202698 -0.08522375673055649 0.12357445061206818 -1.248528003692627
1697183077538427 1.8531782627105713 -9.538840293884277 -0.9553205966949463 -0.060721926391124725 0.1139867752790451 -1.2314833402633667
1697183077697373 3.354396343231201 -9.11505126953125 -1.0702463388442993 0.08948494493961334 -0.013848860748112202 -0.9353307485580444
1697183077816568 4.381545543670654 -8.777457237243652 -0.517166018486023 0.08628905564546585 -0.07776667922735214 -0.8149521946907043
1697183077836446 4.783785820007324 -8.691262245178223 -0.2729487419128418 0.07989726960659027 -0.07563608139753342 -0.8064298629760742
1697183078015273 5.968957901000977 -7.757490634918213 -0.5458974838256836 0.10013791173696518 -0.06285252422094345 -0.7957768440246582
1697183078035142 5.839666366577148 -7.563553333282471 -0.3519602119922638 0.1022685095667839 -0.06391781568527222 -0.7734056115150452
1697183078154351 7.312153339385986 -6.773438453674316 -0.1364743709564209 -0.01811004802584648 -0.007457078900188208 -0.5187996029853821
1697183078174216 7.218775749206543 -6.895547389984131 -0.3519602119922638 -0.05646073818206787 0.004261187743395567 -0.4452941417694092
1697183078313293 6.443027019500732 -7.075118541717529 -0.6751890182495117 0.12996622920036316 0.04367717728018761 -0.42931467294692993
1697183078333192 6.443027019500732 -6.91709566116333 -0.5028003454208374 0.157663956284523 0.05539544299244881 -0.4623388946056366
1697183078492123 8.827736854553223 -6.493307113647461 0.06464575231075287 0.03941598907113075 0.15020687878131866 -0.21412469446659088
1697183078511982 8.763091087341309 -6.421478271484375 0.10774292796850204 0.012783563695847988 0.1374233067035675 -0.11611736565828323
1697183078651062 8.827736854553223 -6.859632968902588 -0.3519602119922638 -0.1171826645731926 0.05646073818206787 0.6125457882881165
1697183078670944 8.245924949645996 -6.787804126739502 -0.12210864573717117 -0.10759499669075012 0.04474247246980667 0.7382508516311646
1697183078790159 5.803752422332764 -7.182861804962158 0.09337720274925232 -0.24501830339431763 -0.10439909994602203 1.1867408752441406
1697183078810019 6.026421070098877 -7.290604591369629 -0.06464575231075287 -0.25886717438697815 -0.12357445061206818 1.2155038118362427
1697183078949132 4.683225631713867 -8.274656295776367 -1.0630635023117065 -0.16192513704299927 -0.04154658317565918 1.2687686681747437
1697183078968960 4.431825637817383 -8.526057243347168 -0.9337720274925232 -0.1459456831216812 -0.049003660678863525 1.2772910594940186
1697183079127913 2.0040183067321777 -9.237159729003906 -0.3950573801994324 -0.15446805953979492 -0.04048128426074982 1.2954010963439941
1697183079286848 -0.7613833546638489 -9.646583557128906 -2.0183842182159424 -0.30893611907958984 0.013848860748112202 1.2943358421325684
1697183079306716 -0.6536403894424438 -9.589119911193848 -1.9752869606018066 -0.2631283402442932 -0.003195890923961997 1.2570503950119019
1697183079425929 -1.831629753112793 -9.280257225036621 -2.0471155643463135 0.05006895586848259 -0.08735435456037521 1.0557093620300293
1697183079445808 -1.9034583568572998 -9.22997760772705 -1.8603612184524536 0.08522375673055649 -0.0788319781422615 1.0194891691207886
1697183079584872 -3.0527162551879883 -8.842103004455566 -1.1420750617980957 0.05646073818206787 -0.006391781847923994 0.8415846228599548
1697183079604752 -3.1460933685302734 -8.921113967895508 -1.2857322692871094 0.0351548008620739 0.008522375486791134 0.829866349697113
1697183079823319 -4.036768436431885 -8.892382621765137 -1.31446373462677 0.11931326240301132 0.0905502438545227 0.4676653742790222
1697183079843179 -3.7063565254211426 -8.849285125732422 -1.2570008039474487 0.1139867752790451 0.07989726960659027 0.4591429829597473
1697183079982239 -4.4749226570129395 -8.26029109954834 -1.2354521751403809 0.10013791173696518 -0.010652969591319561 0.678594172000885
1697183080002131 -4.7766032218933105 -8.195645332336426 -1.3072807788848877 0.09907262027263641 -0.03302420675754547 0.7084225416183472
1697183080180944 -7.032021522521973 -7.312153339385986 -0.2729487419128418 0.0703096017241478 -0.009587672539055347 0.4825795292854309
1697183080200803 -6.5076727867126465 -7.2690558433532715 -0.2944973409175873 0.024501830339431763 0.007457078900188208 0.4101393222808838
1697183080379616 -7.4414448738098145 -7.190044403076172 -1.163623571395874 -0.17151281237602234 -0.02663242444396019 -0.09161553531885147
1697183080399496 -7.613833427429199 -7.182861804962158 -1.2929151058197021 -0.17896988987922668 -0.04474247246980667 -0.17683929204940796
1697183080558437 -6.378381252288818 -7.750307559967041 -1.4222066402435303 -0.05326484888792038 -0.027697721496224403 -0.9736814498901367
1697183080578294 -5.724740982055664 -7.822136402130127 -1.300097942352295 -0.02982831560075283 -0.019175345078110695 -1.0450563430786133
1697183080757141 -3.5411508083343506 -8.849285125732422 -1.5084009170532227 -0.054330144077539444 -0.0937461331486702 -1.1505206823349
1697183080776981 -3.4118592739105225 -8.899565696716309 -1.6376924514770508 -0.03302420675754547 -0.07989726960659027 -1.155847191810608
1697183080916192 -1.946555495262146 -9.474194526672363 -1.7813496589660645 0.1022685095667839 -0.09161553531885147 -1.2314833402633667
1697183080935993 -1.8603612184524536 -9.481377601623535 -1.7095210552215576 0.15340276062488556 -0.10120321065187454 -1.2570503950119019
1697183081134610 1.113343596458435 -9.603486061096191 -0.7111033201217651 0.16512103378772736 -0.05006895586848259 -1.0471869707107544
1697183081253817 1.450938105583191 -9.610669136047363 -0.6105432510375977 0.18536166846752167 -0.017044750973582268 -0.8895229697227478
1697183081273669 1.6089609861373901 -9.617852210998535 -0.6033603549003601 0.18855756521224976 -0.01811004802584648 -0.9065677523612976
1697183081432620 3.4190421104431152 -9.158148765563965 -0.11492578685283661 0.10866028815507889 -0.003195890923961997 -0.9981833100318909
1697183081631303 5.6098151206970215 -8.281839370727539 0.028731446713209152 0.09481143206357956 -0.08841964602470398 -0.7616873383522034
1697183081790230 6.0048723220825195 -7.793405055999756 -0.34477734565734863 0.0021305938716977835 -0.14701098203659058 -0.5741950869560242
1697183081810103 5.954592227935791 -7.786221981048584 -0.3950573801994324 0.006391781847923994 -0.1406192034482956 -0.5614115595817566
1697183082048501 8.253108024597168 -7.254690170288086 -0.4668860137462616 -0.13955390453338623 0.07563608139753342 0.05326484888792038
1697183082068392 8.317753791809082 -7.261873245239258 -0.517166018486023 -0.13848860561847687 0.08415845781564713 0.16192513704299927
1697183082227328 6.126980781555176 -7.577919006347656 -0.2514001727104187 -0.1342274248600006 0.13955390453338623 0.8692823052406311
1697183082426004 4.015219688415527 -8.71999454498291 -0.739834725856781 -0.0703096017241478 0.07350549101829529 1.0024445056915283
1697183082445873 3.7063565254211426 -8.763091087341309 -0.9194062948226929 -0.05326484888792038 0.07563608139753342 0.9971179366111755
1697183082584944 3.095813274383545 -9.09350299835205 -0.47406888008117676 -0.0788319781422615 0.11931326240301132 1.1249536275863647
1697183082604826 2.722304582595825 -9.237159729003906 -0.6177260875701904 -0.09161553531885147 0.1257050484418869 1.1547819375991821
1697183082763753 0.12929150462150574 -9.73277759552002 -0.9481377601623535 0.025567127391695976 0.024501830339431763 1.0887335538864136
1697183082962511 -1.185172200202942 -9.632217407226562 -0.4453374147415161 -0.017044750973582268 -0.015979453921318054 1.0834070444107056
1697183083081650 -2.92342472076416 -9.316171646118164 -0.26576587557792664 0.04793836176395416 -0.03622009605169296 1.015228033065796
1697183083101501 -3.3400306701660156 -9.323354721069336 -0.2873144745826721 0.03941598907113075 -0.042611878365278244 0.9875302910804749
1697183083260437 -4.216339588165283 -8.806188583374023 -0.5028003454208374 -0.06178722530603409 -0.013848860748112202 0.8192133903503418
1697183083459104 -6.055152416229248 -7.965793609619141 -0.5028003454208374 -0.082027867436409 -0.08309316635131836 0.7403814196586609
1697183083478963 -6.012055397033691 -7.879599094390869 -0.33759450912475586 -0.08415845781564713 -0.07563608139753342 0.706291913986206
1697183083618015 -7.951427936553955 -7.168496131896973 -0.3950573801994324 -0.12357445061206818 0.06604841351509094 0.40800872445106506
1697183083637892 -8.195645332336426 -7.103850364685059 -0.7111033201217651 -0.15020687878131866 0.04048128426074982 0.31426259875297546
1697183083796844 -7.118216037750244 -7.585102081298828 -1.034332036972046 -0.11931326240301132 0.003195890923961997 -0.5454320311546326
1697183083995525 -4.187608242034912 -8.281839370727539 -0.4309717118740082 -0.09268083423376083 0.06391781568527222 -1.0290768146514893
1697183084154456 -2.966521978378296 -9.050405502319336 -1.5012180805206299 -0.08522375673055649 0.021305939182639122 -1.0162932872772217
1697183084174335 -2.765401840209961 -9.208428382873535 -1.4868524074554443 -0.060721926391124725 -0.006391781847923994 -1.017358660697937
1697183084313380 -1.2354521751403809 -9.395182609558105 -0.9696863293647766 0.022371236234903336 -0.07989726960659027 -1.0237504243850708
1697183084333258 -1.2354521751403809 -9.395182609558105 -0.9696863293647766 0.006391781847923994 -0.07670138031244278 -1.0290768146514893
1697183084492178 0.3160459101200104 -9.517292022705078 -1.364743709564209 -0.017044750973582268 -0.0351548008620739 -1.056774616241455
1697183084512044 0.6105432510375977 -9.452646255493164 -1.2067207098007202 0.0021305938716977835 -0.02663242444396019 -1.056774616241455
1697183084690842 2.463721513748169 -9.27307415008545 -1.0917949676513672 0.0905502438545227 0.057526037096977234 -0.9598326086997986
1697183084710703 2.593013048171997 -9.294623374938965 -0.9337720274925232 0.09268083423376083 0.05539544299244881 -0.948114275932312
1697183084849787 3.2394707202911377 -8.885199546813965 -1.0199663639068604 0.08096256852149963 0.07457078993320465 -0.8117563128471375
1697183084869654 3.196373462677002 -8.734359741210938 -1.048697829246521 0.08948494493961334 0.07244019210338593 -0.8064298629760742
1697183085028595 5.171660423278809 -8.217193603515625 -0.34477734565734863 0.33769914507865906 0.10866028815507889 -0.8192133903503418
1697183085048454 5.028003215789795 -8.066353797912598 -0.02154858410358429 0.328111469745636 0.13529270887374878 -0.8106909990310669
1697183085227253 6.759072780609131 -7.994524955749512 -0.14365723729133606 -0.004261187743395567 0.18536166846752167 -0.7414466738700867
1697183085247123 7.13258171081543 -7.987342357635498 -0.20830298960208893 -0.006391781847923994 0.17151281237602234 -0.7137489914894104
1697183085386208 8.813371658325195 -7.355250358581543 0.17957153916358948 -0.14807628095149994 0.08735435456037521 -0.07776667922735214
1697183085406082 8.640982627868652 -7.391164779663086 0.09337720274925232 -0.1757739931344986 0.07244019210338593 0.054330144077539444
1697183085565063 6.636964321136475 -7.4414448738098145 -0.20830298960208893 -0.292956680059433 0.004261187743395567 0.7627526521682739
1697183085783598 4.2091569900512695 -8.475776672363281 -1.7023382186889648 -0.26525893807411194 -0.009587672539055347 0.9811385273933411
1697183085803440 3.799733877182007 -8.612251281738281 -1.5802295207977295 -0.20986349880695343 -0.014914157800376415 0.9800732135772705
1697183085922662 2.801316022872925 -8.834919929504395 -1.1061606407165527 -0.04154658317565918 -0.007457078900188208 0.989660918712616
1697183085942525 2.6432931423187256 -8.863651275634766 -1.3288294076919556 -0.03941598907113075 0.0 0.9875302910804749
1697183086081596 1.7095210552215576 -9.62503433227539 -1.5874124765396118 0.03302420675754547 -0.010652969591319561 0.9811385273933411
1697183086101475 1.766983985900879 -9.54602336883545 -1.4222066402435303 0.06924430280923843 -0.009587672539055347 0.9917914867401123
1697183086280274 -0.16520582139492035 -9.560388565063477 -0.8044804930686951 0.0937461331486702 -0.03835069015622139 0.9715508222579956
1697183086300138 -0.16520582139492035 -9.560388565063477 -0.8044804930686951 0.08415845781564713 -0.02982831560075283 0.9747467637062073
1697183086459086 -1.9896526336669922 -9.402365684509277 -0.8403947949409485 0.0351548008620739 -0.049003660678863525 0.9758120179176331
1697183086478946 -2.363161563873291 -9.423914909362793 -0.9696863293647766 0.03195890784263611 -0.05113425478339195 0.9598326086997986
1697183086618028 -3.3759450912475586 -9.194063186645508 -0.8547605276107788 0.09268083423376083 -0.021305939182639122 0.8096256852149963
1697183086637876 -3.4836878776550293 -9.028857231140137 -0.6177260875701904 0.09907262027263641 -0.014914157800376415 0.8000380396842957
1697183086796797 -4.31689977645874 -8.353668212890625 -0.6464575529098511 0.10652969777584076 -0.054330144077539444 0.7925809621810913
1697183086995527 -6.4717583656311035 -7.757490634918213 -0.12929150462150574 0.08309316635131836 -0.03195890784263611 0.726532518863678
1697183087154410 -7.635382175445557 -7.118216037750244 -0.22985157370567322 -0.12037855386734009 0.08948494493961334 0.4836448132991791
1697183087174280 -8.210010528564453 -7.125398635864258 -0.4812517464160919 -0.13955390453338623 0.10013791173696518 0.4218575954437256
1697183087333223 -8.339302062988281 -6.845267295837402 -0.9625034928321838 -0.2663242518901825 0.012783563695847988 -0.34728682041168213
1697183087531876 -5.681643486022949 -7.771856307983398 -1.1061606407165527 -0.11931326240301132 0.03195890784263611 -0.9534408450126648
1697183087690819 -4.431825637817383 -8.490142822265625 -1.2210865020751953 -0.12144385278224945 0.028763018548488617 -1.070623517036438
1697183087710679 -3.7781851291656494 -8.655348777770996 -1.1779893636703491 -0.12357445061206818 0.0351548008620739 -1.0844722986221313
1697183087849741 -2.7079389095306396 -9.06477165222168 -1.429389476776123 -0.14168450236320496 -0.013848860748112202 -1.0290768146514893
1697183087869627 -2.090212821960449 -9.122234344482422 -1.494035243988037 -0.1374233067035675 0.0010652969358488917 -1.0312074422836304
1697183088048404 -0.4812517464160919 -9.567571640014648 -2.0183842182159424 0.014914157800376415 0.017044750973582268 -0.948114275932312
1697183088068306 -0.1939372718334198 -9.581937789916992 -1.8172639608383179 0.05006895586848259 0.021305939182639122 -0.9417225122451782
1697183088227213 0.624908983707428 -9.323354721069336 -1.2210865020751953 0.054330144077539444 0.021305939182639122 -0.9300042986869812
1697183088386137 2.2410528659820557 -9.344902992248535 -1.5012180805206299 -0.0053264847956597805 0.0010652969358488917 -0.8330622315406799
1697183088406005 2.5211844444274902 -9.244342803955078 -1.3503780364990234 0.004261187743395567 0.0 -0.8192133903503418
1697183088584868 3.5770652294158936 -9.036040306091309 -1.8747268915176392 -0.02663242444396019 0.02024064213037491 -0.6477005481719971
1697183088604672 3.6776251792907715 -8.949845314025879 -1.8244469165802002 0.0010652969358488917 0.010652969591319561 -0.6317211389541626
1697183088763622 4.431825637817383 -8.382399559020996 -1.2139036655426025 0.2077329009771347 -0.014914157800376415 -0.6775288581848145
1697183088922534 6.845267295837402 -8.188462257385254 -0.782931923866272 0.12144385278224945 0.028763018548488617 -0.2993484437465668
1697183088942405 7.383981704711914 -8.217193603515625 -0.9625034928321838 0.08309316635131836 0.04154658317565918 -0.21732057631015778
1697183089121212 5.221940517425537 -8.195645332336426 -1.0199663639068604 -0.164055734872818 0.07244019210338593 0.5848480463027954
1697183089141126 4.984906196594238 -8.296205520629883 -1.185172200202942 -0.18536166846752167 0.06604841351509094 0.6274599432945251
1697183089300030 3.8500139713287354 -8.712811470031738 -1.8675440549850464 -0.19068816304206848 0.10013791173696518 0.7275978326797485
1697183089458942 3.555516481399536 -9.014491081237793 -2.068664073944092 -0.239691823720932 0.1054643988609314 0.7201407551765442
1697183089478806 3.0455334186553955 -8.97857666015625 -2.1117613315582275 -0.22477765381336212 0.08522375673055649 0.7680791616439819
1697183089697333 0.7326518893241882 -9.344902992248535 -1.831629753112793 -0.09481143206357956 -0.12037855386734009 0.6413087844848633
1697183089856256 -0.1364743709564209 -9.76150894165039 -2.068664073944092 -0.007457078900188208 -0.0585913322865963 0.41333523392677307
1697183089876154 -0.35914307832717896 -9.675314903259277 -1.9034583568572998 0.004261187743395567 -0.05539544299244881 0.37924572825431824
1697183089995328 -0.5099831819534302 -10.05600643157959 -3.261019229888916 0.0468730665743351 -0.06817900389432907 0.19068816304206848
1697183090154292 -0.14365723729133606 -9.603486061096191 -1.4653037786483765 0.6828553676605225 -0.07350549101829529 0.0
1697183090174162 -0.14365723729133606 -9.531657218933105 -1.364743709564209 0.7052266001701355 -0.08415845781564713 -0.0053264847956597805
1697183090392671 -0.28013160824775696 -9.696863174438477 -0.057462893426418304 0.9747467637062073 -0.04474247246980667 0.03941598907113075
1697183090412541 -0.07182861864566803 -9.495742797851562 0.4094231128692627 1.012032151222229 -0.034089501947164536 0.030893612653017044
1697183090551605 -0.2944973409175873 -9.352086067199707 2.391892910003662 0.9406572580337524 0.04367717728018761 0.006391781847923994
1697183090571496 -0.2514001727104187 -9.452646255493164 2.399075746536255 0.9204165935516357 0.04048128426074982 0.009587672539055347
1697183090690698 -0.423788845539093 -9.143782615661621 3.1748249530792236 0.8021686673164368 0.019175345078110695 0.03195890784263611
1697183090710548 -0.22266870737075806 -8.942663192749023 3.4765050411224365 0.8096256852149963 0.02663242444396019 0.02663242444396019
1697183090849621 -0.30168017745018005 -8.561970710754395 4.783785820007324 0.8160174489021301 0.03195890784263611 -0.045807767659425735
1697183090869511 -0.26576587557792664 -8.597885131835938 5.293768882751465 0.7861891388893127 0.03195890784263611 -0.05219954997301102
1697183091068229 -0.6464575529098511 -8.109451293945312 5.854032039642334 0.54969322681427 0.004261187743395567 0.09161553531885147
1697183091227151 -0.6608232855796814 -8.210010528564453 7.570736408233643 0.10652969777584076 -0.024501830339431763 0.012783563695847988
1697183091247021 -0.49561744928359985 -8.245924949645996 7.814953327178955 -0.0010652969358488917 -0.022371236234903336 -0.003195890923961997
1697183091386091 -0.05028003081679344 -8.296205520629883 6.4717583656311035 -0.683920681476593 0.02663242444396019 -0.04474247246980667
1697183091405937 -0.2873144745826721 -8.332119941711426 6.285004138946533 -0.7531650066375732 0.024501830339431763 -0.025567127391695976
1697183091584756 -0.2585830092430115 -8.79182243347168 3.2825677394866943 -1.113235354423523 0.0468730665743351 0.0053264847956597805
1697183091604620 -0.2154858559370041 -8.676897048950195 3.354396343231201 -1.0834070444107056 0.060721926391124725 0.012783563695847988
1697183091763554 -0.7757490873336792 -9.287440299987793 1.5012180805206299 -1.1526514291763306 0.18216578662395477 0.0351548008620739
1697183091922558 -0.5889946818351746 -9.22997760772705 -0.09337720274925232 -1.1324107646942139 -0.0021305938716977835 -0.006391781847923994
1697183091942472 -0.7111033201217651 -9.294623374938965 -0.2944973409175873 -1.1313453912734985 -0.006391781847923994 -0.009587672539055347
1697183092160907 -0.3304116427898407 -9.316171646118164 -2.169224262237549 -0.8522375822067261 -0.11079088598489761 -0.014914157800376415
1697183092180805 -0.5028003454208374 -9.395182609558105 -2.3775272369384766 -0.8351927995681763 -0.1257050484418869 -0.008522375486791134
1697183092319812 -0.517166018486023 -9.158148765563965 -3.562699317932129 -0.824539840221405 -0.13635800778865814 -0.057526037096977234
1697183092339688 -0.6536403894424438 -9.158148765563965 -3.7422709465026855 -0.8224092721939087 -0.11185618489980698 -0.07244019210338593
1697183092498701 -0.06464575231075287 -8.490142822265625 -5.214757442474365 -0.7222713232040405 -0.03941598907113075 -0.054330144077539444
1697183092697280 -0.33759450912475586 -7.850867748260498 -6.565135478973389 -0.4655347764492035 0.0671137124300003 -0.09907262027263641
1697183093015223 -0.24421729147434235 -8.281839370727539 -5.035185813903809 0.8991106152534485 0.028763018548488617 0.03302420675754547
1697183093035076 -0.04309716820716858 -8.411130905151367 -4.826882839202881 0.9278736710548401 0.02343653328716755 0.028763018548488617
1697183093193962 -0.2585830092430115 -8.97857666015625 -3.261019229888916 0.9630284309387207 -0.034089501947164536 0.042611878365278244
1697183093213826 -0.08619433641433716 -9.014491081237793 -3.1820077896118164 0.9555714130401611 -0.02982831560075283 0.03835069015622139
1697183093392616 -0.07182861864566803 -9.610669136047363 -0.8619434237480164 0.8021686673164368 0.01811004802584648 0.008522375486791134
1697183093412480 -0.35914307832717896 -9.639400482177734 -0.8978577256202698 0.7457078695297241 0.021305939182639122 0.014914157800376415
1697183093591273 -0.2729487419128418 -9.73277759552002 -0.739834725856781 0.5667380094528198 0.019175345078110695 0.019175345078110695
1697183093611142 -0.22985157370567322 -9.747143745422363 -0.7182861566543579 0.5827174782752991 0.021305939182639122 0.013848860748112202
1697183093789913 -0.12210864573717117 -9.704046249389648 0.7182861566543579 0.6690064668655396 0.021305939182639122 -0.025567127391695976
1697183093809793 -0.12929150462150574 -9.581937789916992 0.8906748294830322 0.6679412126541138 0.022371236234903336 -0.02024064213037491
1697183093988579 -0.3304116427898407 -9.495742797851562 2.0758469104766846 0.6807247996330261 0.03302420675754547 0.013848860748112202
1697183094008452 -0.17957153916358948 -9.445463180541992 2.190772771835327 0.6775288581848145 0.04048128426074982 0.010652969591319561
1697183094226967 -0.1364743709564209 -9.014491081237793 3.857196807861328 0.6168069839477539 0.02343653328716755 -0.0010652969358488917
1697183094366035 -0.4525202810764313 -9.308988571166992 5.415877819061279 0.22903884947299957 0.006391781847923994 0.012783563695847988
1697183094524971 -0.3878745436668396 -9.107868194580078 4.489288330078125 -0.46020829677581787 0.007457078900188208 -0.02982831560075283
1697183094544839 -0.40224024653434753 -9.071954727172852 4.467740058898926 -0.510277271270752 0.008522375486791134 -0.034089501947164536
1697183094763369 -0.20112012326717377 -9.294623374938965 2.4206244945526123 -1.015228033065796 -0.02663242444396019 0.028763018548488617
1697183094922296 -0.2944973409175873 -9.43828010559082 0.07182861864566803 -1.0716887712478638 -0.003195890923961997 0.0351548008620739
1697183094942161 -0.33759450912475586 -9.524474143981934 -0.22985157370567322 -1.051448106765747 -0.004261187743395567 0.034089501947164536
1697183095061363 -0.581811785697937 -9.57475471496582 -1.3934751749038696 -0.8575640916824341 -0.037285394966602325 0.024501830339431763
1697183095220301 -0.4094231128692627 -9.517292022705078 -2.162041425704956 -0.6391781568527222 -0.021305939182639122 0.017044750973582268
1697183095240169 -0.5315317511558533 -9.510108947753906 -2.190772771835327 -0.630655825138092 -0.02024064213037491 0.011718266643583775
1697183095458679 -0.26576587557792664 -9.186880111694336 -3.8140995502471924 -0.7254672646522522 0.015979453921318054 -0.042611878365278244
1697183095478544 -0.22985157370567322 -9.036040306091309 -3.756636619567871 -0.709487795829773 0.02024064213037491 -0.042611878365278244
1697183095617605 -0.4812517464160919 -8.640982627868652 -4.977723121643066 -0.6136110424995422 -0.010652969591319561 -0.02343653328716755
1697183095637477 -0.5028003454208374 -8.597885131835938 -5.193209171295166 -0.5848480463027954 -0.014914157800376415 -0.028763018548488617
1697183095756687 -0.1364743709564209 -8.245924949645996 -5.854032039642334 -0.39415988326072693 0.027697721496224403 -0.05219954997301102
1697183095776539 -0.0790114775300026 -8.152547836303711 -5.9043121337890625 -0.34728682041168213 0.02982831560075283 -0.045807767659425735
1697183095915623 -0.2514001727104187 -8.10226821899414 -6.500489711761475 0.12250915169715881 0.0053264847956597805 0.017044750973582268
1697183095935502 -0.26576587557792664 -8.066353797912598 -6.356832504272461 0.21305939555168152 0.004261187743395567 0.02024064213037491
1697183096134159 -0.34477734565734863 -8.540422439575195 -4.93462610244751 0.8650211095809937 0.008522375486791134 0.03835069015622139
1697183096253344 -0.04309716820716858 -9.057588577270508 -3.1389105319976807 1.0248156785964966 -0.0010652969358488917 0.03195890784263611
1697183096273232 -0.23703444004058838 -9.09350299835205 -2.758218765258789 1.015228033065796 -0.017044750973582268 0.05006895586848259
1697183096432126 -0.1939372718334198 -9.632217407226562 -1.2929151058197021 0.7552955746650696 -0.0010652969358488917 -0.011718266643583775
1697183096591054 -0.5458974838256836 -9.718411445617676 -1.249817967414856 0.7574262022972107 0.01811004802584648 0.02982831560075283
1697183096610931 -0.7039204239845276 -9.768692016601562 -1.1779893636703491 0.7979074716567993 0.024501830339431763 0.02343653328716755
1697183096749988 -0.22985157370567322 -9.524474143981934 1.3575608730316162 0.8437151908874512 0.045807767659425735 -0.011718266643583775
1697183096769859 -0.2729487419128418 -9.553206443786621 1.5299495458602905 0.8053644895553589 0.03835069015622139 -0.011718266643583775
1697183096889069 -0.41660597920417786 -9.567571640014648 1.8459954261779785 0.5944356918334961 0.003195890923961997 0.028763018548488617
1697183096908939 -0.4453374147415161 -9.589119911193848 1.630509614944458 0.5784562826156616 0.008522375486791134 0.02663242444396019
1697183097028137 -0.4668860137462616 -9.366451263427734 2.3416128158569336 0.6221334338188171 0.014914157800376415 0.02343653328716755
1697183097226794 -0.3519602119922638 -9.222794532775879 4.324082851409912 0.49642840027809143 0.0021305938716977835 -0.04154658317565918
1697183097246669 -0.45970314741134644 -9.222794532775879 4.259437084197998 0.4474247395992279 0.0010652969358488917 -0.03835069015622139
1697183097365874 -0.35914307832717896 -9.11505126953125 4.439008712768555 0.22903884947299957 0.0053264847956597805 -0.013848860748112202
1697183097524802 -0.4812517464160919 -9.165331840515137 5.193209171295166 -0.274846613407135 -0.007457078900188208 -0.02982831560075283
1697183097544679 -0.49561744928359985 -9.179697036743164 5.236306190490723 -0.36113566160202026 -0.010652969591319561 -0.042611878365278244
1697183097663877 -0.3088630437850952 -9.222794532775879 3.533967971801758 -0.7627526521682739 0.0053264847956597805 -0.04048128426074982
1697183097882386 -0.2514001727104187 -9.488560676574707 1.6520582437515259 -0.9790079593658447 -0.0010652969358488917 -0.045807767659425735
1697183097902284 -0.3304116427898407 -9.524474143981934 1.479669451713562 -1.006705641746521 -0.012783563695847988 -0.05326484888792038
1697183098061211 0.0790114775300026 -9.416731834411621 -0.5530803203582764 -1.043990969657898 -0.004261187743395567 -0.06817900389432907
1697183098180404 -0.007182861678302288 -9.359269142150879 -1.5802295207977295 -1.0216197967529297 -0.04367717728018761 0.024501830339431763
1697183098200247 -0.10774292796850204 -9.380817413330078 -2.0399327278137207 -1.0248156785964966 -0.045807767659425735 0.02982831560075283
1697183098319468 -0.22985157370567322 -9.316171646118164 -3.7853682041168213 -0.8202786445617676 -0.03195890784263611 -0.0053264847956597805
1697183098339336 -0.20830298960208893 -9.27307415008545 -3.828465223312378 -0.7606220245361328 -0.025567127391695976 -0.015979453921318054
1697183098518141 0.08619433641433716 -8.87801742553711 -3.8356480598449707 -0.6679412126541138 -0.009587672539055347 -0.02663242444396019
1697183098538029 -0.10774292796850204 -8.82055377960205 -4.158876895904541 -0.6903124451637268 -0.006391781847923994 -0.021305939182639122
1697183098657220 -0.2729487419128418 -8.554788589477539 -5.911495208740234 -0.5773909687995911 0.007457078900188208 -0.045807767659425735
1697183098677113 0.1580229550600052 -8.39676570892334 -5.717557907104492 -0.504950761795044 0.015979453921318054 -0.0585913322865963
1697183098855898 0.3088630437850952 -8.095085144042969 -6.277821063995361 0.04474247246980667 0.019175345078110695 -0.011718266643583775
1697183098875775 0.22266870737075806 -8.109451293945312 -6.392746925354004 0.12144385278224945 0.012783563695847988 -0.0021305938716977835
1697183099054712 0.04309716820716858 -8.58351993560791 -5.063917636871338 0.8383887410163879 0.007457078900188208 0.02024064213037491
1697183099074476 0.1939372718334198 -8.619434356689453 -4.819700241088867 0.8863270878791809 0.007457078900188208 0.025567127391695976
1697183099253306 -0.12929150462150574 -9.22997760772705 -2.7797675132751465 0.9800732135772705 0.008522375486791134 0.025567127391695976
1697183099273197 0.12929150462150574 -9.395182609558105 -2.456538677215576 0.9960526823997498 0.019175345078110695 0.01811004802584648
1697183099392375 -0.16520582139492035 -9.538840293884277 -0.7470176219940186 0.9001759886741638 0.04367717728018761 0.054330144077539444
1697183099412233 -0.2585830092430115 -9.581937789916992 -0.7182861566543579 0.8628905415534973 0.0468730665743351 0.05006895586848259
1697183099551313 -0.2154858559370041 -9.675314903259277 -0.014365723356604576 0.7915156483650208 0.008522375486791134 0.0585913322865963
1697183099571188 0.057462893426418304 -9.696863174438477 0.014365723356604576 0.7904503345489502 0.007457078900188208 0.06391781568527222
1697183099749994 -0.4094231128692627 -9.639400482177734 1.5730466842651367 0.6924430131912231 -0.0021305938716977835 0.06285252422094345
1697183099769878 -0.581811785697937 -9.610669136047363 1.5730466842651367 0.6775288581848145 -0.0053264847956597805 0.05965663120150566
1697183099948680 -0.22985157370567322 -9.366451263427734 2.765401840209961 0.6072192788124084 0.006391781847923994 0.017044750973582268
1697183099968543 -0.30168017745018005 -9.287440299987793 2.8515961170196533 0.5997622013092041 -0.003195890923961997 0.01811004802584648
1697183100087739 -0.23703444004058838 -9.014491081237793 3.4118592739105225 0.5688685774803162 -0.007457078900188208 0.049003660678863525
1697183100107612 -0.4668860137462616 -9.079136848449707 3.6417107582092285 0.5624768137931824 -0.006391781847923994 0.054330144077539444
1697183100266554 -0.1939372718334198 -9.06477165222168 5.250671863555908 0.35793977975845337 -0.06817900389432907 -0.03941598907113075
1697183100465217 -0.3088630437850952 -9.136600494384766 5.415877819061279 -0.5294525623321533 0.019175345078110695 -0.028763018548488617
1697183100584410 -0.12210864573717117 -9.165331840515137 3.5842480659484863 -1.079145908355713 0.019175345078110695 -0.082027867436409
1697183100604286 -0.1580229550600052 -9.158148765563965 2.92342472076416 -1.1249536275863647 0.01811004802584648 -0.07457078993320465
1697183100763235 -0.22266870737075806 -9.294623374938965 0.8116633892059326 -1.1451942920684814 0.014914157800376415 -0.011718266643583775
1697183100882427 -0.26576587557792664 -9.402365684509277 -0.4884345829486847 -1.1941978931427002 0.010652969591319561 0.0351548008620739
1697183100902320 -0.02154858410358429 -9.308988571166992 -0.6608232855796814 -1.1910021305084229 0.008522375486791134 0.03622009605169296
1697183101081156 -0.4884345829486847 -9.344902992248535 -3.160459041595459 -0.8895229697227478 -0.027697721496224403 0.011718266643583775
1697183101100991 -0.49561744928359985 -9.25152587890625 -3.2466535568237305 -0.850106954574585 -0.014914157800376415 -0.006391781847923994
1697183101220188 -0.28013160824775696 -9.028857231140137 -3.3831279277801514 -0.7169448733329773 -0.017044750973582268 -0.02663242444396019
1697183101240063 -0.3160459101200104 -8.95702838897705 -3.627345085144043 -0.726532518863678 -0.013848860748112202 -0.03302420675754547
1697183101399017 -0.18675440549850464 -8.569153785705566 -5.135746002197266 -0.644504725933075 0.017044750973582268 -0.024501830339431763
1697183101518182 -0.02154858410358429 -8.080718994140625 -6.320918083190918 -0.3685927391052246 0.0053264847956597805 -0.012783563695847988
1697183101538067 -0.3950573801994324 -8.095085144042969 -6.4717583656311035 -0.28549957275390625 0.003195890923961997 -0.007457078900188208
1697183101716859 0.1364743709564209 -8.253108024597168 -6.0048723220825195 0.6349170207977295 -0.009587672539055347 -0.0021305938716977835
1697183101736737 -0.34477734565734863 -8.353668212890625 -5.933043956756592 0.7190755009651184 0.0053264847956597805 0.009587672539055347
1697183101895700 0.22985157370567322 -8.899565696716309 -2.7438530921936035 1.1590430736541748 0.015979453921318054 -0.0021305938716977835
1697183102034775 -0.4525202810764313 -9.696863174438477 -1.4078408479690552 0.9566366672515869 -0.012783563695847988 0.05006895586848259
1697183102153969 -0.49561744928359985 -9.632217407226562 -0.4668860137462616 0.8138868808746338 0.0351548008620739 0.013848860748112202
1697183102173848 -0.18675440549850464 -9.617852210998535 -0.1364743709564209 0.7957768440246582 0.037285394966602325 -0.0021305938716977835
1697183102352654 -0.22266870737075806 -9.617852210998535 0.4668860137462616 0.7552955746650696 0.0053264847956597805 0.02024064213037491
1697183102372526 -0.32322877645492554 -9.57475471496582 0.4525202810764313 0.7606220245361328 -0.0010652969358488917 0.013848860748112202
1697183102491722 -0.2585830092430115 -9.632217407226562 1.7238868474960327 0.7957768440246582 -0.010652969591319561 0.0053264847956597805
1697183102511591 -0.11492578685283661 -9.57475471496582 1.960921287536621 0.7925809621810913 -0.012783563695847988 0.012783563695847988
1697183102650650 -0.4812517464160919 -9.258708953857422 2.8803274631500244 0.6540923118591309 -0.0021305938716977835 0.027697721496224403
1697183102670532 -0.423788845539093 -9.222794532775879 2.887510299682617 0.6508964896202087 0.0021305938716977835 0.01811004802584648
1697183102849337 -0.33759450912475586 -9.06477165222168 4.690408706665039 0.501754879951477 -0.003195890923961997 -0.01811004802584648
1697183102869219 -0.33759450912475586 -9.179697036743164 4.654494285583496 0.438902348279953 -0.008522375486791134 -0.017044750973582268
1697183103028178 -0.34477734565734863 -9.150965690612793 5.401512145996094 -0.13209682703018188 -0.006391781847923994 0.007457078900188208
1697183103048024 -0.4309717118740082 -9.11505126953125 5.272220611572266 -0.21732057631015778 -0.003195890923961997 0.009587672539055347
1697183103187170 -0.28013160824775696 -9.179697036743164 4.553934097290039 -0.754230260848999 0.003195890923961997 -0.017044750973582268
1697183103207011 -0.17238867282867432 -9.222794532775879 4.252254009246826 -0.8405193090438843 0.011718266643583775 -0.021305939182639122
1697183103346060 -0.3519602119922638 -9.244342803955078 1.5586810111999512 -1.0887335538864136 0.028763018548488617 -0.0010652969358488917
1697183103365922 -0.30168017745018005 -9.258708953857422 1.3216465711593628 -1.0631663799285889 0.03195890784263611 0.0010652969358488917
1697183103584469 -0.35914307832717896 -9.718411445617676 -0.4668860137462616 -0.8383887410163879 0.025567127391695976 -0.037285394966602325
1697183103604366 -0.22985157370567322 -9.668131828308105 -0.6895546913146973 -0.8256051540374756 0.022371236234903336 -0.04367717728018761
1697183103763298 -0.6033603549003601 -9.818971633911133 -2.6863901615142822 -0.5028201937675476 -0.20347172021865845 0.003195890923961997
1697183103922246 -0.15084008872509003 -9.538840293884277 -1.7957154512405396 0.06604841351509094 -0.3536785840988159 -0.07989726960659027
1697183103942121 -0.10774292796850204 -9.54602336883545 -1.6376924514770508 0.0788319781422615 -0.3547438979148865 -0.08628905564546585
1697183104120943 0.2585830092430115 -9.948263168334961 -1.9681041240692139 0.025567127391695976 0.13848860561847687 -0.02663242444396019
1697183104140785 -0.18675440549850464 -9.991360664367676 -1.960921287536621 0.04367717728018761 0.22158177196979523 -0.010652969591319561
1697183104279850 -0.057462893426418304 -10.113469123840332 -1.6736067533493042 0.17364341020584106 0.6764636039733887 -0.04793836176395416
1697183104299713 -0.423788845539093 -10.156566619873047 -1.6736067533493042 0.20134112238883972 0.7222713232040405 -0.05219954997301102
1697183104458659 0.22985157370567322 -9.689680099487305 -0.43815454840660095 0.1811004877090454 0.91935133934021 0.034089501947164536
1697183104478530 0.04309716820716858 -9.754325866699219 -0.7757490873336792 0.15127216279506683 0.9395919442176819 0.04367717728018761
1697183104697119 0.5889946818351746 -9.768692016601562 -0.5458974838256836 0.26206305623054504 1.1526514291763306 -0.02982831560075283
1697183104856032 0.5530803203582764 -9.337719917297363 0.5889946818351746 0.18962286412715912 0.8437151908874512 0.21412469446659088
1697183104875899 0.3663259446620941 -9.38800048828125 0.5602632164955139 0.13103152811527252 0.8032339215278625 0.23223473131656647
1697183105034862 -0.624908983707428 -9.768692016601562 -0.6105432510375977 -0.1054643988609314 0.5646073818206787 0.09800732135772705
1697183105392441 0.1580229550600052 -9.912348747253418 -0.6895546913146973 -0.1725781112909317 -0.9875302910804749 -0.16192513704299927
1697183105412321 -0.35914307832717896 -9.739960670471191 -0.5746289491653442 -0.15020687878131866 -1.0354686975479126 -0.15340276062488556
1697183105531513 1.1205264329910278 -10.048823356628418 -0.581811785697937 -0.024501830339431763 -1.2495932579040527 -0.12463974207639694
1697183105690470 0.8547605276107788 -9.854886054992676 -0.4812517464160919 0.0905502438545227 -1.4882198572158813 -0.04154658317565918
1697183105710339 0.9122234582901001 -10.012908935546875 -0.3663259446620941 0.0905502438545227 -1.511656403541565 -0.01811004802584648
1697183105849407 0.1364743709564209 -9.912348747253418 -0.05028003081679344 0.06498311460018158 -1.5446807146072388 0.007457078900188208
1697183105869289 0.5530803203582764 -10.149383544921875 -0.028731446713209152 0.03622009605169296 -1.5627906322479248 -0.003195890923961997
1697183106028212 -0.30168017745018005 -10.10628604888916 -0.10056006163358688 -0.042611878365278244 -1.575574278831482 0.1438150852918625
1697183106048071 -0.5746289491653442 -9.948263168334961 0.04309716820716858 0.0010652969358488917 -1.5542683601379395 0.13316212594509125
1697183106226890 -0.3663259446620941 -9.660948753356934 -0.47406888008117676 0.05646073818206787 -0.6423740983009338 -0.05646073818206787
1697183106246754 -0.3878745436668396 -9.73277759552002 -0.3663259446620941 0.06391781568527222 -0.4527512192726135 -0.08841964602470398
1697183106385832 0.10056006163358688 -10.120652198791504 0.0 -0.054330144077539444 0.5539544224739075 -0.2109287977218628
1697183106405699 0.6680061221122742 -9.797423362731934 0.2944973409175873 -0.0585913322865963 0.6626147031784058 -0.20879819989204407
1697183106584498 0.17957153916358948 -9.955446243286133 -0.9265891313552856 -0.164055734872818 1.3167070150375366 -0.01811004802584648
1697183106604382 0.06464575231075287 -10.070371627807617 -0.8906748294830322 -0.1406192034482956 1.3401436805725098 0.0
1697183106763342 0.34477734565734863 -9.775875091552734 -0.035914309322834015 0.1523374617099762 1.3934084177017212 0.013848860748112202
1697183106882556 0.43815454840660095 -9.646583557128906 0.15084008872509003 -0.017044750973582268 1.4061919450759888 -0.007457078900188208
1697183106902426 -0.12929150462150574 -9.826154708862305 -0.16520582139492035 -0.0703096017241478 1.4083226919174194 0.006391781847923994
1697183107081235 -0.08619433641433716 -9.941080093383789 -0.3088630437850952 0.04793836176395416 1.5457459688186646 -0.05965663120150566
1697183107101143 0.40224024653434753 -9.876435279846191 0.007182861678302288 0.0671137124300003 1.5020687580108643 -0.06285252422094345
1697183107260078 0.2729487419128418 -9.71122932434082 -0.6392747163772583 -0.017044750973582268 0.7425119876861572 0.2428877055644989
1697183107279939 0.1364743709564209 -9.754325866699219 -0.7326518893241882 -0.008522375486791134 0.6359823346138 0.2695201337337494
1697183107399153 -1.09897780418396 -9.933897972106934 -0.7901147603988647 -0.02663242444396019 0.15020687878131866 0.16512103378772736
1697183107558119 -0.1580229550600052 -9.747143745422363 0.04309716820716858 0.003195890923961997 -0.4772530496120453 -0.02982831560075283
1697183107577992 -0.2154858559370041 -9.89798355102539 0.04309716820716858 -0.019175345078110695 -0.5166690349578857 -0.04048128426074982
1697183107915748 0.517166018486023 -9.76150894165039 0.06464575231075287 0.04793836176395416 -1.338012933731079 0.060721926391124725
1697183107935648 0.5961775183677673 -9.790240287780762 -0.09337720274925232 0.03941598907113075 -1.3113806247711182 0.07244019210338593
1697183108094594 -0.26576587557792664 -10.012908935546875 0.057462893426418304 0.10333380848169327 -1.4477386474609375 0.13209682703018188
1697183108114453 0.38069167733192444 -9.926714897155762 0.14365723729133606 0.10013791173696518 -1.4850239753723145 0.11505207419395447
1697183108253531 -0.4668860137462616 -9.883617401123047 -0.0790114775300026 0.02024064213037491 -1.5233746767044067 0.057526037096977234
1697183108273409 -0.423788845539093 -10.012908935546875 -0.18675440549850464 0.037285394966602325 -1.5468112230300903 0.049003660678863525
1697183108452227 -0.4525202810764313 -9.73277759552002 0.6320918202400208 -0.0788319781422615 -0.9907261729240417 -0.11824796348810196
1697183108472113 0.06464575231075287 -9.696863174438477 0.6392747163772583 -0.09587672352790833 -0.9129595160484314 -0.16192513704299927
1697183108631053 0.423788845539093 -9.854886054992676 -0.22266870737075806 -0.15446805953979492 -0.16512103378772736 -0.1022685095667839
1697183108789995 0.7470176219940186 -9.818971633911133 -0.517166018486023 -0.04367717728018761 0.42611879110336304 0.03622009605169296
1697183108809882 0.6536403894424438 -9.73277759552002 -0.4525202810764313 -0.021305939182639122 0.5060160756111145 0.06924430280923843
1697183109088017 -0.5243489146232605 -9.876435279846191 -0.24421729147434235 0.0053264847956597805 1.0407952070236206 0.17683929204940796
1697183109107875 -0.5961775183677673 -9.912348747253418 -0.14365723729133606 0.02343653328716755 1.0663622617721558 0.15127216279506683
1697183109227077 -0.02154858410358429 -9.73277759552002 0.3878745436668396 0.028763018548488617 1.2229609489440918 -0.060721926391124725
1697183109246948 0.035914309322834015 -9.833337783813477 0.06464575231075287 -0.012783563695847988 1.2602463960647583 -0.06285252422094345
1697183109386062 -0.035914309322834015 -9.826154708862305 -0.2873144745826721 -0.04048128426074982 1.3582537174224854 0.024501830339431763
1697183109405876 0.26576587557792664 -9.89798355102539 -0.47406888008117676 -0.05006895586848259 1.362514853477478 0.027697721496224403
1697183109624440 0.10056006163358688 -9.73277759552002 -0.6392747163772583 -0.08841964602470398 1.0866029262542725 0.0585913322865963
1697183109644306 -0.3088630437850952 -9.933897972106934 -1.1779893636703491 -0.09587672352790833 1.046121597290039 0.07350549101829529
1697183109783430 -0.4812517464160919 -9.78305721282959 -0.6823718547821045 0.06604841351509094 0.5997622013092041 0.11931326240301132
1697183109803262 -0.5243489146232605 -9.76150894165039 -0.6536403894424438 0.054330144077539444 0.5124078392982483 0.11931326240301132
1697183109962222 -0.28013160824775696 -9.962629318237305 -0.4884345829486847 -0.0585913322865963 -0.10439909994602203 0.013848860748112202
1697183110160905 -0.3878745436668396 -9.754325866699219 -1.0271492004394531 -0.04367717728018761 -0.8426499366760254 -0.09694202244281769
1697183110359598 -0.5530803203582764 -9.768692016601562 -0.08619433641433716 0.08735435456037521 -1.0951253175735474 -0.0703096017241478
1697183110379467 -0.5746289491653442 -9.739960670471191 -0.6105432510375977 0.049003660678863525 -1.1547819375991821 -0.082027867436409
1697183110518524 0.47406888008117676 -10.178114891052246 -0.30168017745018005 -0.014914157800376415 -1.3369476795196533 -0.010652969591319561
1697183110538395 0.5315317511558533 -10.142200469970703 -0.2729487419128418 -0.009587672539055347 -1.3326865434646606 0.024501830339431763
1697183110717250 -0.5099831819534302 -9.739960670471191 -0.5243489146232605 0.015979453921318054 -1.2996623516082764 0.037285394966602325
1697183110737130 -0.7613833546638489 -9.739960670471191 -0.7613833546638489 0.034089501947164536 -1.2666380405426025 0.024501830339431763
1697183110915853 0.517166018486023 -9.589119911193848 0.33759450912475586 0.3302420675754547 -0.8948494791984558 -0.13955390453338623
1697183110935746 0.9481377601623535 -9.581937789916992 0.7757490873336792 0.32704615592956543 -0.8224092721939087 -0.1289009302854538
1697183111094676 -0.12210864573717117 -10.027275085449219 0.33759450912475586 0.05113425478339195 -0.2045370191335678 0.05539544299244881
1697183111293358 0.10774292796850204 -9.876435279846191 0.9050405621528625 -0.07670138031244278 0.6583535075187683 -0.0468730665743351
1697183111313255 0.17238867282867432 -9.862069129943848 0.8547605276107788 -0.09907262027263641 0.6871165633201599 -0.03302420675754547
1697183111452289 -0.22985157370567322 -10.091920852661133 -0.02154858410358429 -0.18855756521224976 0.860759973526001 0.05326484888792038
1697183111472185 0.2585830092430115 -9.969812393188477 -0.06464575231075287 -0.17683929204940796 0.8682170510292053 0.06391781568527222
1697183111631122 -0.4812517464160919 -9.78305721282959 -0.1364743709564209 -0.07244019210338593 1.1462595462799072 0.11824796348810196
1697183111829798 -0.43815454840660095 -9.725594520568848 -0.5243489146232605 -0.11079088598489761 1.1036477088928223 0.004261187743395567
1697183111988715 -0.7542004585266113 -9.790240287780762 -0.9481377601623535 -0.025567127391695976 1.173957347869873 -0.06924430280923843
1697183112008587 -0.4525202810764313 -9.718411445617676 -0.9696863293647766 0.007457078900188208 1.1654349565505981 -0.07563608139753342
1697183112127781 -0.43815454840660095 -9.689680099487305 -0.6751890182495117 0.18216578662395477 1.0269463062286377 -0.12463974207639694
1697183112147652 0.035914309322834015 -9.653765678405762 -0.5674460530281067 0.19814524054527283 0.9726161360740662 -0.1171826645731926
1697183112326456 -0.5961775183677673 -9.905166625976562 -0.3304116427898407 -0.19388404488563538 0.3249155879020691 0.15020687878131866
1697183112346320 -0.8403947949409485 -10.113469123840332 -0.5602632164955139 -0.246083602309227 0.2226470708847046 0.1438150852918625
1697183112564876 -0.6033603549003601 -9.71122932434082 -1.4581209421157837 -0.15446805953979492 -0.7201407551765442 -0.10333380848169327
1697183112684063 -0.517166018486023 -9.560388565063477 -1.1420750617980957 0.0021305938716977835 -0.9385266304016113 -0.16299043595790863
1697183112703934 -0.30168017745018005 -9.718411445617676 -1.3072807788848877 -0.011718266643583775 -0.9864649772644043 -0.17790459096431732
1697183112862868 -0.18675440549850464 -9.78305721282959 -1.113343596458435 -0.03302420675754547 -1.261311650276184 -0.011718266643583775
1697183112982062 -0.24421729147434235 -9.826154708862305 -1.0558806657791138 0.019175345078110695 -1.3081846237182617 0.022371236234903336
1697183113001937 -0.5315317511558533 -9.668131828308105 -1.0558806657791138 0.03835069015622139 -1.2751604318618774 0.009587672539055347
1697183113200608 -0.9050405621528625 -9.62503433227539 -0.6392747163772583 0.12357445061206818 -1.1089740991592407 -0.22051647305488586
1697183113319804 0.2944973409175873 -9.862069129943848 -0.2514001727104187 0.03302420675754547 -0.8927188515663147 -0.29402196407318115
1697183113339682 -0.14365723729133606 -9.73277759552002 -0.07182861864566803 0.027697721496224403 -0.8905882835388184 -0.26419365406036377
1697183113498609 0.3519602119922638 -9.89798355102539 -0.7326518893241882 0.1757739931344986 -0.7968421578407288 0.05006895586848259
1697183113717278 -0.5458974838256836 -9.797423362731934 0.5099831819534302 0.15659865736961365 0.06604841351509094 0.07563608139753342
1697183113737071 -0.3878745436668396 -9.696863174438477 0.7039204239845276 0.12783563137054443 0.13103152811527252 0.06498311460018158
1697183113895974 -0.06464575231075287 -9.912348747253418 -0.10774292796850204 -0.02982831560075283 0.8309316039085388 -0.04154658317565918
1697183114015185 -0.38069167733192444 -10.142200469970703 -0.2585830092430115 0.09481143206357956 1.0972559452056885 0.06285252422094345
1697183114035059 -0.3878745436668396 -10.012908935546875 -0.007182861678302288 0.13316212594509125 1.0759499073028564 0.08628905564546585
1697183114253595 -1.1708064079284668 -9.62503433227539 0.8547605276107788 -0.025567127391695976 1.1441290378570557 -0.03835069015622139
1697183114273479 -1.1420750617980957 -9.696863174438477 0.8547605276107788 -0.07670138031244278 1.1856755018234253 -0.07137489318847656
1697183114452277 -0.5746289491653442 -9.948263168334961 -0.33759450912475586 -0.1289009302854538 1.2815523147583008 -0.20986349880695343
1697183114472148 -0.8547605276107788 -10.03445816040039 -0.4884345829486847 -0.11505207419395447 1.2474627494812012 -0.20560231804847717
1697183114631083 0.17238867282867432 -9.775875091552734 -0.02154858410358429 -0.003195890923961997 1.1292147636413574 -0.10120321065187454
1697183114789995 -0.6967375874519348 -9.739960670471191 -0.8547605276107788 -0.1811004877090454 0.8479763865470886 0.239691823720932
1697183114809875 -1.0271492004394531 -9.804606437683105 -0.9984177947044373 -0.18536166846752167 0.7606220245361328 0.2343653291463852
1697183115088033 -0.22985157370567322 -9.725594520568848 -1.0199663639068604 0.1022685095667839 -0.5411708354949951 -0.042611878365278244
1697183115107880 -0.517166018486023 -9.775875091552734 -0.7613833546638489 0.10972558706998825 -0.591239869594574 -0.05113425478339195
1697183115266881 -0.2944973409175873 -10.012908935546875 -0.8619434237480164 -0.1139867752790451 -0.9374613165855408 -0.20986349880695343
1697183115425764 0.43815454840660095 -9.91953182220459 -1.0271492004394531 -0.0053264847956597805 -1.298596978187561 -0.09268083423376083
1697183115445634 0.624908983707428 -9.560388565063477 -1.0917949676513672 0.019175345078110695 -1.2847481966018677 -0.06604841351509094
1697183115664190 -0.20830298960208893 -9.86925220489502 -0.6823718547821045 0.13955390453338623 -1.1249536275863647 0.054330144077539444
1697183115823121 -0.10056006163358688 -9.610669136047363 -0.06464575231075287 0.17364341020584106 -1.1654349565505981 0.049003660678863525
1697183115842993 -0.1580229550600052 -9.653765678405762 0.02154858410358429 0.15446805953979492 -1.1462595462799072 0.05646073818206787
1697183115982056 -1.1995378732681274 -9.969812393188477 -0.24421729147434235 0.12037855386734009 -0.8937841653823853 0.019175345078110695
1697183116001958 -0.2729487419128418 -9.890800476074219 0.007182861678302288 0.15659865736961365 -0.8788700103759766 -0.03195890784263611
1697183116280110 -0.3878745436668396 -9.883617401123047 0.0 -0.14701098203659058 0.6764636039733887 -0.10439909994602203
1697183116299969 0.06464575231075287 -9.826154708862305 -0.07182861864566803 -0.15020687878131866 0.7414466738700867 -0.09161553531885147
1697183116419194 0.08619433641433716 -9.68249797821045 -0.26576587557792664 -0.09587672352790833 0.9790079593658447 0.011718266643583775
1697183116439069 -0.33759450912475586 -9.790240287780762 -0.35914307832717896 -0.08522375673055649 0.9630284309387207 0.04048128426074982
1697183116598025 -0.423788845539093 -9.646583557128906 -0.9481377601623535 -0.09907262027263641 0.8905882835388184 0.18536166846752167
1697183116796715 -0.4884345829486847 -8.806188583374023 -0.9984177947044373 0.060721926391124725 0.6040233969688416 -0.10759499669075012
1697183116915907 0.3950573801994324 -8.748725891113281 -0.6751890182495117 0.06817900389432907 0.49323248863220215 -0.25567126274108887
1697183116935782 0.8403947949409485 -8.763091087341309 -0.3519602119922638 0.060721926391124725 0.48790600895881653 -0.21732057631015778
1697183117055095 -0.35914307832717896 -9.09350299835205 -0.35914307832717896 -0.12463974207639694 0.2684548497200012 0.09800732135772705
1697183117074865 -0.028731446713209152 -9.179697036743164 -0.28013160824775696 -0.15020687878131866 0.2311694473028183 0.1289009302854538
1697183117233828 -0.5674460530281067 -9.689680099487305 -0.8403947949409485 -0.3163931965827942 0.157663956284523 0.1054643988609314
1697183117392778 0.07182861864566803 -9.488560676574707 -1.3503780364990234 0.08096256852149963 0.1608598381280899 -0.12250915169715881
1697183117412653 -0.14365723729133606 -9.502925872802734 -1.0415149927139282 0.12677033245563507 0.13848860561847687 -0.0905502438545227
1697183117551716 -0.739834725856781 -10.113469123840332 -0.423788845539093 0.2109287977218628 0.13316212594509125 -0.054330144077539444
1697183117571607 -0.2873144745826721 -10.300223350524902 -0.10774292796850204 0.2279735505580902 0.12250915169715881 -0.06285252422094345
1697183117690794 -0.3519602119922638 -10.336137771606445 -0.6033603549003601 0.11185618489980698 0.1289009302854538 -0.03941598907113075
1697183117710702 -0.7182861566543579 -10.386418342590332 -0.4309717118740082 0.1257050484418869 0.13209682703018188 -0.03195890784263611
1697183117889490 0.10056006163358688 -10.156566619873047 -0.5961775183677673 0.22158177196979523 -0.06817900389432907 0.11079088598489761
1697183117909360 0.5961775183677673 -10.221212387084961 -0.3735088109970093 0.2716507315635681 -0.07350549101829529 0.1289009302854538
1697183118088179 -0.423788845539093 -10.041640281677246 0.8116633892059326 0.30254432559013367 -0.028763018548488617 0.02982831560075283
1697183118108027 -0.8978577256202698 -10.235577583312988 0.7039204239845276 0.24501830339431763 -0.04793836176395416 0.022371236234903336
1697183118227247 -0.9553205966949463 -10.42951488494873 0.15084008872509003 0.08522375673055649 0.03302420675754547 0.01811004802584648
1697183118386190 -2.1117613315582275 -10.228395462036133 2.822864532470703 0.2162552773952484 0.08628905564546585 -0.20240642130374908
1697183118406062 -0.035914309322834015 -10.925132751464844 2.262601375579834 0.09694202244281769 0.1811004877090454 -0.26525893807411194
1697183118525275 0.08619433641433716 -9.833337783813477 -0.5602632164955139 -0.04367717728018761 -0.042611878365278244 -0.02024064213037491
1697183118545182 -0.6033603549003601 -10.120652198791504 0.12210864573717117 0.014914157800376415 -0.07244019210338593 0.014914157800376415
1697183118763700 0.08619433641433716 -9.854886054992676 1.0056006908416748 0.20879819989204407 0.0585913322865963 -0.022371236234903336
1697183118882907 -0.43815454840660095 -8.454228401184082 -1.5514981746673584 -0.40268224477767944 0.09907262027263641 0.11185618489980698
1697183118902784 -1.163623571395874 -9.797423362731934 1.7382525205612183 -0.30574023723602295 0.03622009605169296 0.08522375673055649
1697183119021978 -1.1492578983306885 -10.142200469970703 0.04309716820716858 -0.31106671690940857 -0.013848860748112202 -0.057526037096977234
1697183119041851 -0.06464575231075287 -10.199663162231445 0.22985157370567322 -0.2727160155773163 0.010652969591319561 -0.09907262027263641
1697183119220748 0.007182861678302288 -9.38800048828125 2.1189441680908203 0.12250915169715881 -0.05965663120150566 -0.028763018548488617
1697183119240587 1.8028982877731323 -9.258708953857422 2.1117613315582275 0.0351548008620739 -0.05326484888792038 -0.02343653328716755
1697183119379602 0.7613833546638489 -9.941080093383789 0.3160459101200104 0.015979453921318054 -0.022371236234903336 -0.011718266643583775
1697183119399467 -0.09337720274925232 -9.768692016601562 0.739834725856781 0.04154658317565918 -0.013848860748112202 0.009587672539055347
1697183119518663 -0.30168017745018005 -9.926714897155762 0.08619433641433716 0.004261187743395567 0.009587672539055347 0.0053264847956597805
1697183119538538 -0.4309717118740082 -9.811789512634277 0.22266870737075806 0.0053264847956597805 0.004261187743395567 0.0053264847956597805
1697183119697488 0.035914309322834015 -9.847702980041504 0.028731446713209152 -0.0021305938716977835 -0.0021305938716977835 -0.0053264847956597805
1697183119896182 -0.08619433641433716 -9.86925220489502 0.10774292796850204 0.003195890923961997 0.003195890923961997 -0.0021305938716977835
1697183120055117 -0.18675440549850464 -9.847702980041504 0.04309716820716858 0.0 0.004261187743395567 0.0
1697183120075030 -0.17238867282867432 -9.854886054992676 0.06464575231075287 0.0021305938716977835 0.003195890923961997 0.0
1697183120253805 -0.17957153916358948 -9.854886054992676 0.08619433641433716 0.0 0.0 0.0
1697183120273666 -0.16520582139492035 -9.854886054992676 0.057462893426418304 0.0 0.0010652969358488917 -0.0010652969358488917
1697183120412733 -0.15084008872509003 -9.862069129943848 0.07182861864566803 0.0010652969358488917 0.0021305938716977835 -0.0021305938716977835
1697183120432602 -0.14365723729133606 -9.876435279846191 0.057462893426418304 0.0010652969358488917 0.0021305938716977835 -0.0010652969358488917
1697183120631274 -0.16520582139492035 -9.862069129943848 0.07182861864566803 0.0021305938716977835 0.0010652969358488917 -0.0021305938716977835
1697183120750535 -0.16520582139492035 -9.862069129943848 0.06464575231075287 0.0010652969358488917 0.0021305938716977835 0.0
1697183120770323 -0.15084008872509003 -9.854886054992676 0.07182861864566803 0.0010652969358488917 0.0021305938716977835 -0.0010652969358488917
1697183120929262 -0.15084008872509003 -9.854886054992676 0.09337720274925232 0.0010652969358488917 0.0010652969358488917 -0.0010652969358488917
1697183121127952 -0.17238867282867432 -9.862069129943848 0.06464575231075287 0.0010652969358488917 0.004261187743395567 -0.0010652969358488917
1697183121247159 -0.1580229550600052 -9.862069129943848 0.06464575231075287 0.0010652969358488917 0.0021305938716977835 -0.0010652969358488917
1697183121267089 -0.16520582139492035 -9.890800476074219 0.05028003081679344 0.0010652969358488917 0.0010652969358488917 -0.0010652969358488917
1697183121425964 -0.16520582139492035 -9.862069129943848 0.07182861864566803 0.0021305938716977835 0.004261187743395567 -0.0021305938716977835
1697183121445834 -0.17957153916358948 -9.862069129943848 0.07182861864566803 0.0021305938716977835 0.003195890923961997 -0.0021305938716977835
1697183121565145 -0.16520582139492035 -9.847702980041504 0.0790114775300026 0.0010652969358488917 0.0021305938716977835 -0.0021305938716977835
1697183121763732 -0.16520582139492035 -9.86925220489502 0.057462893426418304 0.0010652969358488917 0.0010652969358488917 -0.0010652969358488917
1697183121922681 -0.16520582139492035 -9.840520858764648 0.07182861864566803 0.0010652969358488917 0.0021305938716977835 -0.0010652969358488917
1697183121942555 -0.17957153916358948 -9.847702980041504 0.07182861864566803 0.0010652969358488917 0.004261187743395567 -0.0010652969358488917
1697183122061769 -0.17238867282867432 -9.847702980041504 0.0790114775300026 0.0021305938716977835 0.003195890923961997 -0.0021305938716977835
1697183122220722 -0.1580229550600052 -9.840520858764648 0.06464575231075287 0.0021305938716977835 0.0010652969358488917 -0.0010652969358488917
1697183122240590 -0.15084008872509003 -9.862069129943848 0.057462893426418304 0.0021305938716977835 0.0021305938716977835 -0.0021305938716977835
1697183122399551 -0.16520582139492035 -9.854886054992676 0.057462893426418304 0.0010652969358488917 0.0021305938716977835 -0.0021305938716977835
1697183122558514 -0.16520582139492035 -9.862069129943848 0.0790114775300026 0.0010652969358488917 0.0021305938716977835 -0.0021305938716977835
1697183122578386 -0.1580229550600052 -9.862069129943848 0.0790114775300026 0.0 0.0021305938716977835 -0.0021305938716977835
1697183122697593 -0.15084008872509003 -9.840520858764648 0.07182861864566803 0.0 0.0010652969358488917 -0.0021305938716977835
1697183122896325 -0.17238867282867432 -9.86925220489502 0.0790114775300026 0.0010652969358488917 0.0021305938716977835 -0.0010652969358488917
1697183123015481 -0.17238867282867432 -9.862069129943848 0.07182861864566803 0.0021305938716977835 0.0021305938716977835 -0.003195890923961997
1697183123035401 -0.15084008872509003 -9.86925220489502 0.07182861864566803 0.0021305938716977835 0.0010652969358488917 -0.0010652969358488917
1697183123194340 -0.1580229550600052 -9.862069129943848 0.07182861864566803 0.0 0.0021305938716977835 -0.0010652969358488917
1697183123214201 -0.16520582139492035 -9.86925220489502 0.0790114775300026 0.0 0.0021305938716977835 -0.0010652969358488917
1697183123313596 -0.15084008872509003 -9.840520858764648 0.05028003081679344 0.0010652969358488917 0.0021305938716977835 -0.0010652969358488917
1697183123333480 -0.16520582139492035 -9.862069129943848 0.07182861864566803 0.0 0.0010652969358488917 -0.0010652969358488917
1697183123532104 -0.15084008872509003 -9.86925220489502 0.06464575231075287 0.0010652969358488917 0.003195890923961997 -0.0021305938716977835
1697183123651299 -0.15084008872509003 -9.876435279846191 0.057462893426418304 0.0 0.0 -0.0021305938716977835
1697183123671172 -0.16520582139492035 -9.847702980041504 0.06464575231075287 0.0 0.0010652969358488917 -0.0010652969358488917
1697183123850001 -0.15084008872509003 -9.854886054992676 0.07182861864566803 0.0010652969358488917 0.003195890923961997 -0.0021305938716977835
1697183123869854 -0.16520582139492035 -9.862069129943848 0.07182861864566803 0.0 0.0021305938716977835 -0.0021305938716977835
1697183124028816 -0.15084008872509003 -9.862069129943848 0.07182861864566803 0.0 0.0021305938716977835 -0.0021305938716977835
